<?xml version="1.0"?>
<opencv_storage>
<calibration_Time>"Wed Nov  5 23:57:56 2014"</calibration_Time>
<nrOfFrames>9</nrOfFrames>
<image_Width>720</image_Width>
<image_Height>480</image_Height>
<board_Width>8</board_Width>
<board_Height>5</board_Height>
<square_Size>50.</square_Size>
<FixAspectRatio>1.</FixAspectRatio>
<!-- flags:  +fix_aspectRatio +fix_principal_point +zero_tangent_dist -->
<flagValue>14</flagValue>
<Camera_Matrix type_id="opencv-matrix">
  <rows>3</rows>
  <cols>3</cols>
  <dt>d</dt>
  <data>
    1.3064853918242522e+02 0. 3.5950000000000000e+02 0.
    1.3064853918242522e+02 2.3950000000000000e+02 0. 0. 1.</data></Camera_Matrix>
<Distortion_Coefficients type_id="opencv-matrix">
  <rows>5</rows>
  <cols>1</cols>
  <dt>d</dt>
  <data>
    -6.6957433655812137e-02 3.9576757879588960e-03 0. 0.
    -1.0231009134802616e-04</data></Distortion_Coefficients>
<Avg_Reprojection_Error>3.2458229156742182e+00</Avg_Reprojection_Error>
<Per_View_Reprojection_Errors type_id="opencv-matrix">
  <rows>9</rows>
  <cols>1</cols>
  <dt>f</dt>
  <data>
    1.50082433e+00 4.61651134e+00 3.32031298e+00 1.37112331e+00
    3.28376722e+00 4.14786386e+00 2.47281981e+00 4.25586605e+00
    2.47670245e+00</data></Per_View_Reprojection_Errors>
<!-- a set of 6-tuples (rotation vector + translation vector) for each view -->
<Extrinsic_Parameters type_id="opencv-matrix">
  <rows>9</rows>
  <cols>6</cols>
  <dt>d</dt>
  <data>
    -2.5980087521224302e-02 -1.5998891039062463e-01
    1.6426237197726609e-02 -4.3717544238260854e+02
    -1.6789783345473268e+02 1.6996074874506701e+02
    -1.4980416850294174e-03 -1.2462957595286545e-03
    2.1891964722722153e-02 -5.6346974147262969e+01
    -1.7483416870389721e+02 1.5940013389739676e+02
    8.0706411885334742e-02 -7.1361486421639100e-02
    4.0518457848938101e-02 -1.7382811967829190e+02
    -3.1709890413553818e+01 1.5992456714374697e+02
    2.4272361649711496e-02 -1.8508990545516618e-01
    5.6569857097898815e-02 -3.6427498132418765e+02
    -5.7970776082281454e+01 1.5441426327438427e+02
    7.4559508004074293e-02 -3.8171728520023741e-02
    5.3592519781475799e-02 -3.5708772203264225e+01
    -3.6583215155266480e+01 1.6461601082068449e+02
    7.9136722658301080e-03 -8.3696935431878713e-02
    1.2983629549361773e-02 -1.2598634914024134e+02
    -1.4807188893131519e+02 1.5543585304470855e+02
    2.4650310656048127e-02 -1.6081703188292690e-01
    3.4279675584305354e-03 -2.9461044268497415e+02
    -1.0062186053639162e+02 1.4444776031464500e+02
    5.7441842570278359e-02 -5.1638548179973535e-02
    2.9112684056832538e-03 -7.7867073412915516e+01
    -9.2724163355383354e+01 1.5387134306447572e+02
    6.4073877768355741e-02 -1.5018710998786222e-01
    -1.1147536385703352e-02 -2.8806381452330112e+02
    -4.1328241788760309e+01 1.3665300197105202e+02</data></Extrinsic_Parameters>
<Image_points type_id="opencv-matrix">
  <rows>9</rows>
  <cols>40</cols>
  <dt>"2f"</dt>
  <data>
    1.31654587e+02 1.53894409e+02 1.50885147e+02 1.51559372e+02
    1.72272049e+02 1.49493500e+02 1.96688721e+02 1.47826126e+02
    2.23363663e+02 1.46921280e+02 2.51818237e+02 1.46876129e+02
    2.82410736e+02 1.47872284e+02 3.12637756e+02 1.49673157e+02
    1.26498444e+02 1.78299835e+02 1.45433197e+02 1.76427780e+02
    1.66779633e+02 1.75080383e+02 1.91733810e+02 1.73967987e+02
    2.18546341e+02 1.73680298e+02 2.47673874e+02 1.73731491e+02
    2.78607910e+02 1.74663528e+02 3.09993347e+02 1.76235229e+02
    1.22766273e+02 2.03356979e+02 1.42114838e+02 2.02674500e+02
    1.63162415e+02 2.01821228e+02 1.88046539e+02 2.01651779e+02
    2.15037735e+02 2.01701859e+02 2.44639877e+02 2.02212189e+02
    2.75873657e+02 2.02900589e+02 3.07485809e+02 2.04212402e+02
    1.21150589e+02 2.29019623e+02 1.40169647e+02 2.29309631e+02
    1.61184113e+02 2.29626480e+02 1.86254135e+02 2.29947159e+02
    2.13054489e+02 2.30682678e+02 2.42799622e+02 2.31331604e+02
    2.74116333e+02 2.32188156e+02 3.05705627e+02 2.32996780e+02
    1.21206253e+02 2.54817978e+02 1.40192551e+02 2.56115509e+02
    1.61152863e+02 2.57185120e+02 1.85925247e+02 2.58382233e+02
    2.12674408e+02 2.59487732e+02 2.42396896e+02 2.60477722e+02
    2.73262085e+02 2.61335632e+02 3.04707153e+02 2.61833679e+02
    3.10682281e+02 1.10417694e+02 3.51689087e+02 1.09898651e+02
    3.92601868e+02 1.11905365e+02 4.31799316e+02 1.15875244e+02
    4.67449768e+02 1.20769928e+02 4.98580231e+02 1.26677910e+02
    5.25626221e+02 1.33394455e+02 5.48914612e+02 1.39515762e+02
    3.07974243e+02 1.43802231e+02 3.50416260e+02 1.43570145e+02
    3.92988403e+02 1.45385620e+02 4.33301697e+02 1.47875977e+02
    4.69665192e+02 1.52320740e+02 5.01662598e+02 1.56672363e+02
    5.28706848e+02 1.61893967e+02 5.51862122e+02 1.66603989e+02
    3.06511932e+02 1.81428101e+02 3.49841003e+02 1.81053818e+02
    3.92809601e+02 1.81490509e+02 4.33921112e+02 1.83531143e+02
    4.70730469e+02 1.85706039e+02 5.02730133e+02 1.88984329e+02
    5.30001709e+02 1.92043594e+02 5.53280701e+02 1.94930756e+02
    3.06122253e+02 2.19666306e+02 3.49415161e+02 2.19523193e+02
    3.92416504e+02 2.19515793e+02 4.33467438e+02 2.20285934e+02
    4.70412384e+02 2.21540009e+02 5.02486359e+02 2.21984055e+02
    5.29663452e+02 2.23502380e+02 5.52851929e+02 2.24278412e+02
    3.06811584e+02 2.58983521e+02 3.49394867e+02 2.58291138e+02
    3.91696289e+02 2.57536072e+02 4.32084503e+02 2.57492004e+02
    4.68669403e+02 2.56218231e+02 5.00389526e+02 2.55526505e+02
    5.27473206e+02 2.54472794e+02 5.50731079e+02 2.53497879e+02
    2.30448822e+02 2.19608719e+02 2.65277344e+02 2.20684921e+02
    3.02603607e+02 2.21945847e+02 3.40979340e+02 2.23665527e+02
    3.78619110e+02 2.25525269e+02 4.14050079e+02 2.27537277e+02
    4.46011261e+02 2.29601624e+02 4.74373657e+02 2.31568893e+02
    2.28920898e+02 2.53654770e+02 2.63461212e+02 2.55235809e+02
    3.00997223e+02 2.56761688e+02 3.39312866e+02 2.58089355e+02
    3.76997406e+02 2.59267853e+02 4.12371063e+02 2.59942352e+02
    4.44221405e+02 2.60590454e+02 4.72678162e+02 2.61236053e+02
    2.29543686e+02 2.86995850e+02 2.63686829e+02 2.89158905e+02
    3.00345123e+02 2.90727844e+02 3.38028473e+02 2.91669586e+02
    3.75385254e+02 2.92058746e+02 4.10025726e+02 2.91623718e+02
    4.41608124e+02 2.90992920e+02 4.70164764e+02 2.89694977e+02
    2.31847809e+02 3.18365173e+02 2.65357574e+02 3.20833313e+02
    3.00625305e+02 3.22537262e+02 3.37390228e+02 3.23214539e+02
    3.73600586e+02 3.22763000e+02 4.07552002e+02 3.21560211e+02
    4.38548462e+02 3.19518585e+02 4.66592133e+02 3.17201019e+02
    2.35309296e+02 3.46747253e+02 2.67582214e+02 3.49647797e+02
    3.01733368e+02 3.51300049e+02 3.37005737e+02 3.51611481e+02
    3.71810730e+02 3.50820648e+02 4.04679565e+02 3.48744568e+02
    4.34745422e+02 3.46300385e+02 4.62735352e+02 3.42586456e+02
    1.36147873e+02 2.05830917e+02 1.59926437e+02 2.06510803e+02
    1.87811066e+02 2.07253235e+02 2.17975067e+02 2.08361526e+02
    2.50465927e+02 2.09766815e+02 2.84481506e+02 2.11702087e+02
    3.17685547e+02 2.14095886e+02 3.49600647e+02 2.16559494e+02
    1.33424713e+02 2.35795166e+02 1.57423920e+02 2.37210800e+02
    1.85227997e+02 2.38521408e+02 2.15623169e+02 2.39767090e+02
    2.47958923e+02 2.41546661e+02 2.81974548e+02 2.43322769e+02
    3.15367828e+02 2.44678818e+02 3.47309937e+02 2.45988602e+02
    1.33492203e+02 2.65546722e+02 1.57454605e+02 2.67546021e+02
    1.84761169e+02 2.69571472e+02 2.14827911e+02 2.71445374e+02
    2.47276276e+02 2.73155853e+02 2.80626007e+02 2.73956146e+02
    3.13607330e+02 2.75148560e+02 3.45589020e+02 2.75421448e+02
    1.35910599e+02 2.94205536e+02 1.59307419e+02 2.96847321e+02
    1.86501205e+02 2.99438538e+02 2.16034393e+02 3.01465759e+02
    2.47514816e+02 3.03265503e+02 2.80429352e+02 3.03574036e+02
    3.12872070e+02 3.03649963e+02 3.44257935e+02 3.03490295e+02
    1.39872574e+02 3.20894653e+02 1.63315506e+02 3.24535797e+02
    1.89743988e+02 3.27358978e+02 2.18522964e+02 3.29498108e+02
    2.49271957e+02 3.31058380e+02 2.81255035e+02 3.31440369e+02
