<?xml version="1.0"?>
<opencv_storage>
<calibration_Time>"11/07/14 09:09:17"</calibration_Time>
<nrOfFrames>9</nrOfFrames>
<image_Width>720</image_Width>
<image_Height>480</image_Height>
<board_Width>8</board_Width>
<board_Height>5</board_Height>
<square_Size>50.</square_Size>
<FixAspectRatio>1.5000000000000000e+000</FixAspectRatio>
<!-- flags:  +fix_aspectRatio +fix_principal_point +zero_tangent_dist -->
<flagValue>14</flagValue>
<Camera_Matrix type_id="opencv-matrix">
  <rows>3</rows>
  <cols>3</cols>
  <dt>d</dt>
  <data>
    1.3064736235627436e+002 0. 3.5950000000000000e+002 0.
    1.3064736235627436e+002 2.3950000000000000e+002 0. 0. 1.</data></Camera_Matrix>
<Distortion_Coefficients type_id="opencv-matrix">
  <rows>5</rows>
  <cols>1</cols>
  <dt>d</dt>
  <data>
    -6.6959100043679290e-002 3.9584414493371500e-003 0. 0.
    -1.0237491873830339e-004</data></Distortion_Coefficients>
<Avg_Reprojection_Error>3.2458859622304304e+000</Avg_Reprojection_Error>
<Per_View_Reprojection_Errors type_id="opencv-matrix">
  <rows>9</rows>
  <cols>1</cols>
  <dt>f</dt>
  <data>
    1.50079203e+000 4.61648750e+000 3.32043886e+000 1.37108171e+000
    3.28363585e+000 4.14778280e+000 2.47282791e+000 4.25625181e+000
    2.47700191e+000</data></Per_View_Reprojection_Errors>
<!-- a set of 6-tuples (rotation vector + translation vector) for each view -->
<Extrinsic_Parameters type_id="opencv-matrix">
  <rows>9</rows>
  <cols>6</cols>
  <dt>d</dt>
  <data>
    -2.5982347563346921e-002 -1.5998591128542111e-001
    1.6424398796761233e-002 -4.3717599699572082e+002
    -1.6789798729709130e+002 1.6995948635789188e+002
    -1.4962340141409511e-003 -1.2464159483988129e-003
    2.1891293371824057e-002 -5.6347025082413360e+001
    -1.7483387763497984e+002 1.5939801601163200e+002
    8.0706601205040515e-002 -7.1365035049477471e-002
    4.0516986558612557e-002 -1.7382735871097708e+002
    -3.1710117628078656e+001 1.5992143681018624e+002
    2.4275301728054879e-002 -1.8508904734688184e-001
    5.6571698068158260e-002 -3.6427480997966308e+002
    -5.7971185904107948e+001 1.5441205912534937e+002
    7.4559316704327416e-002 -3.8170903637018937e-002
    5.3591012452179128e-002 -3.5708960663038553e+001
    -3.6582915164718514e+001 1.6461371365363499e+002
    7.9181543624044504e-003 -8.3695214468730170e-002
    1.2984301538848962e-002 -1.2598624101746741e+002
    -1.4807183167035095e+002 1.5543380827166635e+002
    2.4651556491478967e-002 -1.6081275988067184e-001
    3.4299568488608280e-003 -2.9461072169954292e+002
    -1.0062222844240057e+002 1.4444635319102082e+002
    5.7411896404136270e-002 -5.1633529511622006e-002
    2.9131374104567325e-003 -7.7867477178689001e+001
    -9.2725115872683531e+001 1.5387434974307391e+002
    6.4073386221587550e-002 -1.5017648823005636e-001
    -1.1149702349670878e-002 -2.8806558816372154e+002
    -4.1328162771723328e+001 1.3665234565978338e+002</data></Extrinsic_Parameters>
<Image_points type_id="opencv-matrix">
  <rows>9</rows>
  <cols>40</cols>
  <dt>"2f"</dt>
  <data>
    1.31654037e+002 1.53894424e+002 1.50885406e+002 1.51559845e+002
    1.72272049e+002 1.49493500e+002 1.96689346e+002 1.47825607e+002
    2.23363663e+002 1.46921280e+002 2.51818283e+002 1.46876266e+002
    2.82409729e+002 1.47871964e+002 3.12637817e+002 1.49673050e+002
    1.26497810e+002 1.78300354e+002 1.45433243e+002 1.76428238e+002
    1.66780243e+002 1.75079514e+002 1.91734238e+002 1.73967880e+002
    2.18546326e+002 1.73680466e+002 2.47673874e+002 1.73731400e+002
    2.78608124e+002 1.74663513e+002 3.09993530e+002 1.76235214e+002
    1.22766106e+002 2.03356644e+002 1.42114822e+002 2.02674469e+002
    1.63163391e+002 2.01821548e+002 1.88046371e+002 2.01651672e+002
    2.15037979e+002 2.01701508e+002 2.44640442e+002 2.02212524e+002
    2.75873474e+002 2.02899719e+002 3.07485962e+002 2.04211517e+002
    1.21151871e+002 2.29018768e+002 1.40169174e+002 2.29307953e+002
    1.61184433e+002 2.29626221e+002 1.86253922e+002 2.29947800e+002
    2.13055099e+002 2.30682205e+002 2.42799011e+002 2.31331421e+002
    2.74115509e+002 2.32187378e+002 3.05704712e+002 2.32995117e+002
    1.21205650e+002 2.54817612e+002 1.40192215e+002 2.56115570e+002
    1.61153610e+002 2.57186157e+002 1.85924576e+002 2.58381256e+002
    2.12674896e+002 2.59488220e+002 2.42396896e+002 2.60477600e+002
    2.73261932e+002 2.61335052e+002 3.04707794e+002 2.61833954e+002
    3.10682281e+002 1.10417694e+002 3.51689087e+002 1.09898651e+002
    3.92601868e+002 1.11905312e+002 4.31798920e+002 1.15875397e+002
    4.67449768e+002 1.20769989e+002 4.98580231e+002 1.26677910e+002
    5.25626221e+002 1.33394455e+002 5.48914612e+002 1.39515762e+002
    3.07974304e+002 1.43802170e+002 3.50416260e+002 1.43570145e+002
    3.92988922e+002 1.45385193e+002 4.33301575e+002 1.47876740e+002
    4.69665833e+002 1.52320847e+002 5.01662476e+002 1.56672318e+002
    5.28706848e+002 1.61893967e+002 5.51862122e+002 1.66603989e+002
    3.06511871e+002 1.81427979e+002 3.49841309e+002 1.81053391e+002
    3.92809631e+002 1.81490372e+002 4.33921600e+002 1.83531021e+002
    4.70730713e+002 1.85705948e+002 5.02729950e+002 1.88985474e+002
    5.30001221e+002 1.92044724e+002 5.53280151e+002 1.94929810e+002
    3.06122620e+002 2.19666122e+002 3.49415192e+002 2.19523346e+002
    3.92415833e+002 2.19516052e+002 4.33466766e+002 2.20286942e+002
    4.70412933e+002 2.21539841e+002 5.02486084e+002 2.21984238e+002
    5.29663391e+002 2.23502777e+002 5.52852112e+002 2.24278229e+002
    3.06811554e+002 2.58984100e+002 3.49394836e+002 2.58290894e+002
    3.91696381e+002 2.57537415e+002 4.32084229e+002 2.57491913e+002
    4.68669128e+002 2.56218597e+002 5.00389435e+002 2.55527206e+002
    5.27473083e+002 2.54472382e+002 5.50731445e+002 2.53496460e+002
    2.30448563e+002 2.19607712e+002 2.65276978e+002 2.20686096e+002
    3.02603333e+002 2.21943787e+002 3.40978577e+002 2.23665314e+002
    3.78617920e+002 2.25524323e+002 4.14054840e+002 2.27538208e+002
    4.46010559e+002 2.29601120e+002 4.74373657e+002 2.31569046e+002
    2.28921005e+002 2.53654938e+002 2.63461121e+002 2.55235580e+002
    3.00996460e+002 2.56761566e+002 3.39312805e+002 2.58089111e+002
    3.76997223e+002 2.59267395e+002 4.12370239e+002 2.59941467e+002
    4.44221863e+002 2.60590332e+002 4.72678284e+002 2.61235138e+002
    2.29543411e+002 2.86995728e+002 2.63686920e+002 2.89158569e+002
    3.00345184e+002 2.90727905e+002 3.38028015e+002 2.91670105e+002
    3.75385162e+002 2.92058563e+002 4.10025757e+002 2.91623596e+002
    4.41608124e+002 2.90992615e+002 4.70165039e+002 2.89694427e+002
    2.31848343e+002 3.18364990e+002 2.65357330e+002 3.20832947e+002
    3.00624268e+002 3.22540619e+002 3.37389771e+002 3.23214264e+002
    3.73615723e+002 3.22758911e+002 4.07551849e+002 3.21560120e+002
    4.38548950e+002 3.19517975e+002 4.66592163e+002 3.17201324e+002
    2.35309402e+002 3.46747437e+002 2.67582245e+002 3.49648041e+002
    3.01733612e+002 3.51298950e+002 3.37006012e+002 3.51610992e+002
    3.71811066e+002 3.50820068e+002 4.04680817e+002 3.48744904e+002
    4.34744934e+002 3.46300385e+002 4.62734985e+002 3.42586792e+002
    1.36147202e+002 2.05830139e+002 1.59925400e+002 2.06510880e+002
    1.87811066e+002 2.07253235e+002 2.17975708e+002 2.08360504e+002
    2.50466003e+002 2.09765854e+002 2.84482147e+002 2.11701981e+002
    3.17685547e+002 2.14095901e+002 3.49600800e+002 2.16559906e+002
    1.33425629e+002 2.35794678e+002 1.57423828e+002 2.37210938e+002
    1.85227524e+002 2.38521423e+002 2.15622452e+002 2.39767761e+002
    2.47959045e+002 2.41546753e+002 2.81975098e+002 2.43322815e+002
    3.15367462e+002 2.44679291e+002 3.47310120e+002 2.45988632e+002
    1.33493027e+002 2.65546509e+002 1.57454758e+002 2.67545898e+002
    1.84760635e+002 2.69571930e+002 2.14827835e+002 2.71445038e+002
    2.47276138e+002 2.73156006e+002 2.80625427e+002 2.73956207e+002
    3.13607727e+002 2.75148285e+002 3.45588623e+002 2.75421387e+002
    1.35910187e+002 2.94204926e+002 1.59307678e+002 2.96846100e+002
